position: 
  x: -0.0038621473756576237
  y: 0.03531454953823107
  z: 0.5500004350337214
orientation: 
  x: -1.49498712736835e-06
  y: -3.0751889625041154e-07
  z: 0.005497694612407866
  w: 0.9999848875616167
---
